level
11000
11100
00001
01111
00111
level
01111
00111
01010
11000
11000
level
0111111011
0100000011
1100000011
1010001111
1011001111
1010001111
1100001111
1100001111
1000010000
0000110000
level
1111001111
1110000011
1110000111
1100010101
1001111111
1101111100
1100000001
1000010000
0000010001
0000110101
level
001100111111111
001110010111111
000011110001110
110111100001100
000000010001100
100011111000100
000110001111111
000110111100011
001110011111101
000010011000000
100000011010000
100000011110000
000000010111000
011111111111100
011111111111100