save
daniel
2
2
2111111211
2100000000
1120000000
1000000000
1000000000
1000000000
1000000000
1000000000
1000000000
2000000000
save
hristina
2
2
0000000000
0000000000
0000000000
0000000000
0000000000
1000000000
0000000000
0000000000
0000000000
0000000000
save
vladeto
2
2
0000000000
0000000000
0000000000
0000000000
0000000000
0000000000
0000000000
0000000000
0000000000
0000000000
save
krasi
1
1
10000
00000
00000
00000
00000
save
papancho
2
2
0000000000
0000000000
0000000000
1000000000
1000000000
0000000000
0000000000
0000000000
0000000000
0000000000
